2 000010
0 000012
2 000014
1 002066
2 000030
2 000032
0 000010
0 000010
2 000034
0 000000
0 000000
2 000036
0 000040
2 000042
2 000044
2 000046
2 000054
2 000056
2 000042
2 000044
2 000046
2 000054
2 000056
2 000042
2 000044
2 000046
2 000054
2 000056
2 000042
2 000044
2 000046
2 000050
2 000052
2 000054
2 000056
2 000042
2 000044
2 000046
2 000054
2 000056
2 000042
2 000044
2 000046
2 000050
2 000052
2 000054
2 000056
2 000042
2 000044
2 000046
2 000054
2 000056
2 000042
2 000044
2 000046
2 000050
2 000052
2 000054
2 000056
2 000042
2 000044
2 000046
2 000050
2 000052
2 000054
2 000056
2 000042
2 000044
2 000046
2 000050
2 000052
2 000054
2 000056
2 000042
2 000044
2 000046
2 000054
2 000056
2 000042
2 000044
2 000046
2 000054
2 000056
2 000042
2 000044
2 000046
2 000054
2 000056
2 000042
2 000044
2 000046
2 000050
2 000052
2 000054
2 000056
2 000042
2 000044
2 000046
2 000050
2 000052
2 000054
2 000056
2 000042
2 000044
2 000046
2 000054
2 000056
2 000060
0 000022
0 000022
2 000062
0 000002
0 000002
0 000004
1 000004
2 000064
0 000006
0 000006
0 000006
1 000006
2 000066
